epoch:0 0.0000  0.0000  0.0000  -1.0000  -1.0000  0.0000  0.0000  0.0000  0.0000  -1.0000  -1.0000  0.0000  1.4448  0.010000
epoch:1 0.0342  0.1512  0.0010  -1.0000  -1.0000  0.0342  0.0520  0.2520  0.2720  -1.0000  -1.0000  0.2720  0.2827  0.010000
epoch:2 0.1480  0.4190  0.0730  -1.0000  -1.0000  0.1480  0.2400  0.2880  0.3040  -1.0000  -1.0000  0.3040  0.1254  0.010000
epoch:3 0.1796  0.4178  0.1424  -1.0000  -1.0000  0.1796  0.2760  0.3120  0.3120  -1.0000  -1.0000  0.3120  0.0864  0.003300
epoch:4 0.2129  0.4634  0.1668  -1.0000  -1.0000  0.2129  0.3040  0.3520  0.3520  -1.0000  -1.0000  0.3520  0.0774  0.003300
epoch:5 0.1987  0.4493  0.1412  -1.0000  -1.0000  0.1987  0.3040  0.3600  0.3640  -1.0000  -1.0000  0.3640  0.0710  0.003300
epoch:6 0.2234  0.5136  0.1807  -1.0000  -1.0000  0.2234  0.2960  0.3400  0.3440  -1.0000  -1.0000  0.3440  0.0697  0.001089
epoch:7 0.2224  0.4820  0.1436  -1.0000  -1.0000  0.2224  0.3080  0.3520  0.3520  -1.0000  -1.0000  0.3520  0.0681  0.001089
epoch:8 0.2240  0.5501  0.1584  -1.0000  -1.0000  0.2240  0.3000  0.3560  0.3560  -1.0000  -1.0000  0.3560  0.0656  0.001089
epoch:9 0.2386  0.5472  0.1626  -1.0000  -1.0000  0.2386  0.3080  0.3520  0.3560  -1.0000  -1.0000  0.3560  0.0675  0.000359
epoch:10 0.2460  0.5656  0.1705  -1.0000  -1.0000  0.2460  0.3040  0.3560  0.3560  -1.0000  -1.0000  0.3560  0.0661  0.000359
epoch:11 0.2331  0.5286  0.1673  -1.0000  -1.0000  0.2331  0.3200  0.3440  0.3440  -1.0000  -1.0000  0.3440  0.0630  0.000359
epoch:12 0.2472  0.5183  0.2155  -1.0000  -1.0000  0.2472  0.3320  0.3720  0.3720  -1.0000  -1.0000  0.3720  0.0627  0.000119
epoch:13 0.2193  0.5358  0.1357  -1.0000  -1.0000  0.2193  0.3080  0.3600  0.3600  -1.0000  -1.0000  0.3600  0.0639  0.000119
epoch:14 0.2268  0.5396  0.1755  -1.0000  -1.0000  0.2268  0.3000  0.3640  0.3640  -1.0000  -1.0000  0.3640  0.0653  0.000119
