epoch:0 0.3745  0.7081  0.3529  0.1780  0.3189  0.4041  0.3558  0.5398  0.5532  0.3530  0.5137  0.5758  0.5263  0.010000
epoch:1 0.4158  0.7332  0.4409  0.1874  0.3348  0.4561  0.3866  0.5767  0.5898  0.3595  0.5160  0.6220  0.3230  0.010000
epoch:2 0.4490  0.7577  0.4848  0.2048  0.3567  0.4894  0.4098  0.5936  0.6024  0.3584  0.5143  0.6383  0.2784  0.010000
epoch:3 0.5058  0.7949  0.5628  0.2328  0.3989  0.5513  0.4402  0.6286  0.6367  0.3867  0.5438  0.6742  0.2253  0.003300
epoch:4 0.4979  0.7945  0.5530  0.2197  0.3931  0.5450  0.4327  0.6212  0.6296  0.3736  0.5442  0.6689  0.2054  0.003300
epoch:5 0.5087  0.7988  0.5676  0.2074  0.3995  0.5595  0.4403  0.6221  0.6286  0.3508  0.5261  0.6728  0.1922  0.003300
epoch:6 0.5195  0.8033  0.5828  0.2125  0.4051  0.5709  0.4487  0.6285  0.6343  0.3412  0.5246  0.6818  0.1741  0.001089
epoch:7 0.5200  0.8015  0.5798  0.2151  0.4058  0.5717  0.4461  0.6282  0.6340  0.3447  0.5290  0.6799  0.1670  0.001089
epoch:8 0.5188  0.7999  0.5785  0.2201  0.4074  0.5704  0.4479  0.6278  0.6339  0.3435  0.5260  0.6815  0.1629  0.001089
epoch:9 0.5195  0.7994  0.5798  0.2131  0.4052  0.5719  0.4472  0.6263  0.6319  0.3465  0.5244  0.6792  0.1563  0.000359
epoch:10 0.5208  0.8003  0.5798  0.2112  0.4050  0.5737  0.4489  0.6276  0.6334  0.3402  0.5240  0.6817  0.1558  0.000359
epoch:11 0.5207  0.7997  0.5841  0.2103  0.4032  0.5738  0.4486  0.6258  0.6312  0.3328  0.5197  0.6804  0.1537  0.000359
epoch:12 0.5201  0.7992  0.5813  0.2128  0.4055  0.5737  0.4492  0.6271  0.6325  0.3401  0.5208  0.6817  0.1515  0.000119
epoch:13 0.5203  0.7997  0.5803  0.2090  0.4021  0.5740  0.4476  0.6261  0.6311  0.3409  0.5175  0.6802  0.1514  0.000119
epoch:14 0.5202  0.7990  0.5797  0.2093  0.4023  0.5746  0.4474  0.6258  0.6309  0.3332  0.5175  0.6803  0.1506  0.000119
