epoch:0 0.0000  0.0000  0.0000  -1.0000  -1.0000  0.0000  0.0000  0.0000  0.0000  -1.0000  -1.0000  0.0000  1.5491  0.010000
epoch:1 0.1058  0.3264  0.0198  -1.0000  -1.0000  0.1058  0.1880  0.2680  0.2760  -1.0000  -1.0000  0.2760  0.2687  0.010000
epoch:2 0.1363  0.5073  0.0189  -1.0000  -1.0000  0.1363  0.2120  0.3200  0.3200  -1.0000  -1.0000  0.3200  0.1064  0.010000
epoch:3 0.1519  0.4400  0.0297  -1.0000  -1.0000  0.1519  0.2360  0.2880  0.2880  -1.0000  -1.0000  0.2880  0.0858  0.003300
epoch:4 0.2451  0.5626  0.2092  -1.0000  -1.0000  0.2451  0.3480  0.4000  0.4000  -1.0000  -1.0000  0.4000  0.0792  0.003300
epoch:5 0.2309  0.6010  0.1344  -1.0000  -1.0000  0.2309  0.3080  0.3440  0.3440  -1.0000  -1.0000  0.3440  0.0755  0.003300
epoch:6 0.2296  0.5161  0.1412  -1.0000  -1.0000  0.2296  0.3160  0.3960  0.3960  -1.0000  -1.0000  0.3960  0.0725  0.001089
epoch:7 0.2612  0.5587  0.2325  -1.0000  -1.0000  0.2612  0.3480  0.4400  0.4400  -1.0000  -1.0000  0.4400  0.0725  0.001089
epoch:8 0.2498  0.5840  0.2393  -1.0000  -1.0000  0.2498  0.3440  0.4440  0.4440  -1.0000  -1.0000  0.4440  0.0707  0.001089
epoch:9 0.2302  0.5752  0.2028  -1.0000  -1.0000  0.2302  0.3400  0.4120  0.4120  -1.0000  -1.0000  0.4120  0.0676  0.000359
epoch:10 0.2548  0.5859  0.2535  -1.0000  -1.0000  0.2548  0.3560  0.4240  0.4240  -1.0000  -1.0000  0.4240  0.0721  0.000359
epoch:11 0.2345  0.5722  0.2067  -1.0000  -1.0000  0.2345  0.3480  0.4120  0.4120  -1.0000  -1.0000  0.4120  0.0703  0.000359
epoch:12 0.2370  0.5832  0.1901  -1.0000  -1.0000  0.2370  0.3440  0.4200  0.4200  -1.0000  -1.0000  0.4200  0.0700  0.000119
epoch:13 0.2561  0.5672  0.2387  -1.0000  -1.0000  0.2561  0.3600  0.4320  0.4320  -1.0000  -1.0000  0.4320  0.0696  0.000119
