epoch:0 0.0000  0.0000  0.0000  -1.0000  -1.0000  0.0000  0.0000  0.0000  0.0000  -1.0000  -1.0000  0.0000  1.3749  0.010000
epoch:1 0.0728  0.2429  0.0027  -1.0000  -1.0000  0.0728  0.1520  0.2720  0.3080  -1.0000  -1.0000  0.3080  0.2379  0.010000
epoch:2 0.1527  0.4761  0.0731  -1.0000  -1.0000  0.1527  0.2240  0.3120  0.3120  -1.0000  -1.0000  0.3120  0.0974  0.010000
epoch:3 0.1700  0.4395  0.1269  -1.0000  -1.0000  0.1700  0.2840  0.3560  0.3560  -1.0000  -1.0000  0.3560  0.0810  0.003300
epoch:4 0.2146  0.5350  0.1650  -1.0000  -1.0000  0.2146  0.2800  0.3480  0.3480  -1.0000  -1.0000  0.3480  0.0731  0.003300
epoch:5 0.2268  0.5374  0.1504  -1.0000  -1.0000  0.2268  0.3120  0.3960  0.3960  -1.0000  -1.0000  0.3960  0.0648  0.003300
epoch:6 0.2335  0.5500  0.1953  -1.0000  -1.0000  0.2335  0.3280  0.3880  0.3880  -1.0000  -1.0000  0.3880  0.0696  0.001089
epoch:7 0.1881  0.5235  0.1346  -1.0000  -1.0000  0.1881  0.2880  0.3640  0.3640  -1.0000  -1.0000  0.3640  0.0645  0.001089
epoch:8 0.2134  0.5344  0.2140  -1.0000  -1.0000  0.2134  0.3280  0.3960  0.3960  -1.0000  -1.0000  0.3960  0.0674  0.001089
epoch:9 0.1989  0.5287  0.1445  -1.0000  -1.0000  0.1989  0.3400  0.4080  0.4080  -1.0000  -1.0000  0.4080  0.0636  0.000359
epoch:10 0.2261  0.5602  0.2224  -1.0000  -1.0000  0.2261  0.3360  0.3760  0.3760  -1.0000  -1.0000  0.3760  0.0649  0.000359
epoch:11 0.2080  0.5412  0.1933  -1.0000  -1.0000  0.2080  0.3080  0.3600  0.3600  -1.0000  -1.0000  0.3600  0.0663  0.000359
epoch:12 0.2109  0.5562  0.1502  -1.0000  -1.0000  0.2109  0.3080  0.3680  0.3680  -1.0000  -1.0000  0.3680  0.0636  0.000119
epoch:13 0.2144  0.5453  0.2059  -1.0000  -1.0000  0.2144  0.3400  0.3920  0.3920  -1.0000  -1.0000  0.3920  0.0677  0.000119
epoch:14 0.2093  0.5405  0.2069  -1.0000  -1.0000  0.2093  0.3280  0.3800  0.3800  -1.0000  -1.0000  0.3800  0.0649  0.000119
