epoch:0 0.0000  0.0000  0.0000  0.0000  -1.0000  -1.0000  0.0000  0.0000  0.0000  0.0000  -1.0000  -1.0000  0.0000  1.3370  0.0000  0.010000
epoch:1 0.0000  0.1222  0.3934  0.0237  -1.0000  -1.0000  0.1222  0.1360  0.2600  0.2600  -1.0000  -1.0000  0.2600  0.2225  0.0000  0.010000
epoch:2 0.0000  0.1363  0.3561  0.0406  -1.0000  -1.0000  0.1363  0.2480  0.2880  0.2880  -1.0000  -1.0000  0.2880  0.1265  0.0000  0.010000
epoch:3 0.0000  0.1608  0.4142  0.0878  -1.0000  -1.0000  0.1608  0.2920  0.3720  0.3800  -1.0000  -1.0000  0.3800  0.1105  0.0000  0.003300
epoch:4 0.0000  0.1587  0.4097  0.0658  -1.0000  -1.0000  0.1587  0.2760  0.3160  0.3160  -1.0000  -1.0000  0.3160  0.0778  0.0000  0.003300
epoch:5 0.0000  0.1845  0.4471  0.1085  -1.0000  -1.0000  0.1845  0.2840  0.3720  0.3720  -1.0000  -1.0000  0.3720  0.0720  0.0000  0.003300
epoch:6 0.0000  0.2078  0.5047  0.1590  -1.0000  -1.0000  0.2078  0.3240  0.3960  0.3960  -1.0000  -1.0000  0.3960  0.0661  0.0000  0.001089
epoch:7 0.0000  0.2341  0.5060  0.2148  -1.0000  -1.0000  0.2341  0.3680  0.4360  0.4360  -1.0000  -1.0000  0.4360  0.0684  0.0000  0.001089
epoch:8 0.0000  0.2416  0.5088  0.2779  -1.0000  -1.0000  0.2416  0.3640  0.4360  0.4360  -1.0000  -1.0000  0.4360  0.0655  0.0000  0.001089
epoch:9 0.0000  0.2249  0.5154  0.1832  -1.0000  -1.0000  0.2249  0.3440  0.4120  0.4120  -1.0000  -1.0000  0.4120  0.0680  0.0000  0.000359
epoch:10 0.0000  0.2259  0.5105  0.1832  -1.0000  -1.0000  0.2259  0.3400  0.4160  0.4160  -1.0000  -1.0000  0.4160  0.0634  0.0000  0.000359
epoch:11 0.0000  0.2421  0.5137  0.2779  -1.0000  -1.0000  0.2421  0.3680  0.4320  0.4320  -1.0000  -1.0000  0.4320  0.0646  0.0000  0.000359
epoch:12 0.0000  0.2167  0.5123  0.1117  -1.0000  -1.0000  0.2167  0.3360  0.4040  0.4040  -1.0000  -1.0000  0.4040  0.0666  0.0000  0.000119
epoch:13 0.0000  0.2231  0.5105  0.1452  -1.0000  -1.0000  0.2231  0.3520  0.4200  0.4200  -1.0000  -1.0000  0.4200  0.0638  0.0000  0.000119
epoch:14 0.0000  0.2123  0.5149  0.1117  -1.0000  -1.0000  0.2123  0.3320  0.4000  0.4000  -1.0000  -1.0000  0.4000  0.0635  0.0000  0.000119
