epoch:0 0.0000  0.0000  0.0000  0.0000  -1.0000  -1.0000  0.0000  0.0000  0.0000  0.0000  -1.0000  -1.0000  0.0000  1.3473  0.0000  0.010000
epoch:1 0.0000  0.0429  0.1840  0.0022  -1.0000  -1.0000  0.0429  0.1400  0.2160  0.2520  -1.0000  -1.0000  0.2520  0.2972  0.0000  0.010000
epoch:2 0.0000  0.1392  0.4683  0.0184  -1.0000  -1.0000  0.1392  0.1600  0.2720  0.2760  -1.0000  -1.0000  0.2760  0.1281  0.0000  0.010000
epoch:3 0.0000  0.1761  0.4826  0.0722  -1.0000  -1.0000  0.1761  0.2640  0.3400  0.3400  -1.0000  -1.0000  0.3400  0.0871  0.0000  0.003300
epoch:4 0.0000  0.2391  0.5632  0.1643  -1.0000  -1.0000  0.2391  0.3080  0.3480  0.3480  -1.0000  -1.0000  0.3480  0.0760  0.0000  0.003300
epoch:5 0.0000  0.2486  0.5300  0.2383  -1.0000  -1.0000  0.2486  0.3160  0.3640  0.3640  -1.0000  -1.0000  0.3640  0.0775  0.0000  0.003300
epoch:6 0.0000  0.2525  0.5502  0.2561  -1.0000  -1.0000  0.2525  0.3200  0.3680  0.3680  -1.0000  -1.0000  0.3680  0.0740  0.0000  0.001089
epoch:7 0.0000  0.2162  0.4720  0.2213  -1.0000  -1.0000  0.2162  0.3080  0.3520  0.3520  -1.0000  -1.0000  0.3520  0.0733  0.0000  0.001089
epoch:8 0.0000  0.2519  0.5095  0.2076  -1.0000  -1.0000  0.2519  0.3240  0.3880  0.3880  -1.0000  -1.0000  0.3880  0.0721  0.0000  0.001089
epoch:9 0.0000  0.2520  0.4725  0.2290  -1.0000  -1.0000  0.2520  0.3280  0.3840  0.3840  -1.0000  -1.0000  0.3840  0.0676  0.0000  0.000359
epoch:10 0.0000  0.2325  0.4754  0.2228  -1.0000  -1.0000  0.2325  0.3280  0.3640  0.3640  -1.0000  -1.0000  0.3640  0.0711  0.0000  0.000359
epoch:11 0.0000  0.2364  0.5082  0.1770  -1.0000  -1.0000  0.2364  0.3040  0.3440  0.3440  -1.0000  -1.0000  0.3440  0.0692  0.0000  0.000359
epoch:12 0.0000  0.2187  0.4830  0.1525  -1.0000  -1.0000  0.2187  0.3080  0.3640  0.3640  -1.0000  -1.0000  0.3640  0.0700  0.0000  0.000119
epoch:13 0.0000  0.2157  0.4739  0.1195  -1.0000  -1.0000  0.2157  0.2920  0.3400  0.3400  -1.0000  -1.0000  0.3400  0.0731  0.0000  0.000119
epoch:14 0.0000  0.2212  0.5215  0.1053  -1.0000  -1.0000  0.2212  0.2920  0.3560  0.3560  -1.0000  -1.0000  0.3560  0.0696  0.0000  0.000119
