epoch:0 0.0000  0.0000  0.0000  -1.0000  -1.0000  0.0000  0.0000  0.0000  0.0000  -1.0000  -1.0000  0.0000  1.4139  0.010000
epoch:1 0.0376  0.1824  0.0007  -1.0000  -1.0000  0.0376  0.0720  0.2320  0.2480  -1.0000  -1.0000  0.2480  0.2631  0.010000
epoch:2 0.1696  0.4830  0.0792  -1.0000  -1.0000  0.1696  0.2360  0.2880  0.2880  -1.0000  -1.0000  0.2880  0.1055  0.010000
epoch:3 0.1833  0.5492  0.0149  -1.0000  -1.0000  0.1833  0.2280  0.2560  0.2560  -1.0000  -1.0000  0.2560  0.0880  0.003300
epoch:4 0.2605  0.5662  0.1894  -1.0000  -1.0000  0.2605  0.3560  0.3960  0.3960  -1.0000  -1.0000  0.3960  0.0812  0.003300
epoch:5 0.3264  0.5678  0.3403  -1.0000  -1.0000  0.3264  0.3880  0.4200  0.4200  -1.0000  -1.0000  0.4200  0.0702  0.003300
epoch:6 0.3452  0.6063  0.3394  -1.0000  -1.0000  0.3452  0.3960  0.4400  0.4400  -1.0000  -1.0000  0.4400  0.0696  0.001089
epoch:7 0.3160  0.6106  0.3124  -1.0000  -1.0000  0.3160  0.3760  0.4320  0.4320  -1.0000  -1.0000  0.4320  0.0694  0.001089
epoch:8 0.3323  0.6067  0.3812  -1.0000  -1.0000  0.3323  0.3800  0.4120  0.4120  -1.0000  -1.0000  0.4120  0.0664  0.001089
epoch:9 0.3462  0.6171  0.3366  -1.0000  -1.0000  0.3462  0.3920  0.4280  0.4280  -1.0000  -1.0000  0.4280  0.0662  0.000359
epoch:10 0.3242  0.6006  0.3326  -1.0000  -1.0000  0.3242  0.3720  0.4160  0.4160  -1.0000  -1.0000  0.4160  0.0669  0.000359
epoch:11 0.3359  0.6127  0.3854  -1.0000  -1.0000  0.3359  0.3840  0.4200  0.4200  -1.0000  -1.0000  0.4200  0.0667  0.000359
epoch:12 0.3246  0.5848  0.3812  -1.0000  -1.0000  0.3246  0.3800  0.4120  0.4120  -1.0000  -1.0000  0.4120  0.0669  0.000119
epoch:13 0.3182  0.6145  0.3326  -1.0000  -1.0000  0.3182  0.3760  0.3960  0.3960  -1.0000  -1.0000  0.3960  0.0662  0.000119
epoch:14 0.3217  0.5812  0.3326  -1.0000  -1.0000  0.3217  0.3800  0.4120  0.4120  -1.0000  -1.0000  0.4120  0.0679  0.000119
